R-LO 1080000 1080000 2700 2700   300 300   128 8 16 31   1 ed-2d-sin 1.0e-08 1.08e+06 0 50   0 1 1   50 50 50   -1 -1 -1   -1 -1 -1   10.4843 52.2123 622413815325639 7f5acb8e28bc46aa03b062685352cb7621b88f72    "/project/k1205/akbudak/lorapo/testing_dpotrf -P 8 -t 2700 -e 1e-8 -w 50 -u 50 -G 50 -U 50 -j 1080000 -D 1 -F 0 -Z 1 -Y 1 -z 300 -c 31 1080000 " 8847315
R-LO 1080000 1080000 2700 2700   300 300   128 16 8 31   1 ed-2d-sin 1.0e-08 1.08e+06 0 50   0 1 1   50 50 50   -1 -1 -1   -1 -1 -1   9.52144 66.5316 622413815325639 7f5acb8e28bc46aa03b062685352cb7621b88f72    "/project/k1205/akbudak/lorapo/testing_dpotrf -P 16 -t 2700 -e 1e-8 -w 50 -u 50 -G 50 -U 50 -j 1080000 -D 1 -F 0 -Z 1 -Y 1 -z 300 -c 31 1080000 " 8847315
R-LO 1080000 1080000 2700 2700   300 300   128 8 16 31   1 ed-2d-sin 1.0e-08 1.08e+06 0 50   0 1 1   50 50 50   -1 -1 -1   -1 -1 -1   10.4843 52.2123 622413815325639 7f5acb8e28bc46aa03b062685352cb7621b88f72    "/project/k1205/akbudak/lorapo/testing_dpotrf -P 8 -t 2700 -e 1e-8 -w 50 -u 50 -G 50 -U 50 -j 1080000 -D 1 -F 0 -Z 1 -Y 1 -z 300 -c 31 1080000 " 8847315
R-LO 1080000 1080000 2700 2700   300 300   128 16 8 31   1 ed-2d-sin 1.0e-08 1.08e+06 0 50   0 1 1   50 50 50   -1 -1 -1   -1 -1 -1   9.52144 66.5316 622413815325639 7f5acb8e28bc46aa03b062685352cb7621b88f72    "/project/k1205/akbudak/lorapo/testing_dpotrf -P 16 -t 2700 -e 1e-8 -w 50 -u 50 -G 50 -U 50 -j 1080000 -D 1 -F 0 -Z 1 -Y 1 -z 300 -c 31 1080000 " 8847315
R-LO 1080000 1080000 2700 2700   300 300   128 8 16 31   1 ed-2d-sin 1.0e-08 1.08e+06 0 100   0 1 1   100 100 100   -1 -1 -1   -1 -1 -1   11.7031 86.2326 1197286578548468 7f5acb8e28bc46aa03b062685352cb7621b88f72    "/project/k1205/akbudak/lorapo/testing_dpotrf -P 8 -t 2700 -e 1e-8 -w 100 -u 100 -G 100 -U 100 -j 1080000 -D 1 -F 0 -Z 1 -Y 1 -z 300 -c 31 1080000 " 8847316
R-LO 1080000 1080000 2700 2700   300 300   128 16 8 31   1 ed-2d-sin 1.0e-08 1.08e+06 0 100   0 1 1   100 100 100   -1 -1 -1   -1 -1 -1   11.0138 99.6296 1197286578548468 7f5acb8e28bc46aa03b062685352cb7621b88f72    "/project/k1205/akbudak/lorapo/testing_dpotrf -P 16 -t 2700 -e 1e-8 -w 100 -u 100 -G 100 -U 100 -j 1080000 -D 1 -F 0 -Z 1 -Y 1 -z 300 -c 31 1080000 " 8847316
R-LO 1080000 1080000 2700 2700   300 300   128 8 16 31   1 ed-2d-sin 1.0e-08 1.08e+06 0 100   0 1 1   100 100 100   -1 -1 -1   -1 -1 -1   11.7031 86.2326 1197286578548468 7f5acb8e28bc46aa03b062685352cb7621b88f72    "/project/k1205/akbudak/lorapo/testing_dpotrf -P 8 -t 2700 -e 1e-8 -w 100 -u 100 -G 100 -U 100 -j 1080000 -D 1 -F 0 -Z 1 -Y 1 -z 300 -c 31 1080000 " 8847316
R-LO 1080000 1080000 2700 2700   300 300   128 16 8 31   1 ed-2d-sin 1.0e-08 1.08e+06 0 100   0 1 1   100 100 100   -1 -1 -1   -1 -1 -1   11.0138 99.6296 1197286578548468 7f5acb8e28bc46aa03b062685352cb7621b88f72    "/project/k1205/akbudak/lorapo/testing_dpotrf -P 16 -t 2700 -e 1e-8 -w 100 -u 100 -G 100 -U 100 -j 1080000 -D 1 -F 0 -Z 1 -Y 1 -z 300 -c 31 1080000 " 8847316
R-LO 1080000 1080000 2700 2700   300 300   128 8 16 31   2 st-2d-sqexp 1.0e-08 1.08e+06 0 0   0 1 1   50 50 50   -1 -1 -1   -1 -1 -1   8.60946 55.281 133076923148791 7f5acb8e28bc46aa03b062685352cb7621b88f72    "/project/k1205/akbudak/lorapo/testing_dpotrf -P 8 -t 2700 -e 1e-8 -w 0 -u 50 -G 50 -U 50 -j 1080000 -D 2 -F 0 -Z 1 -Y 1 -z 300 -c 31 1080000 " 8847317
R-LO 1080000 1080000 2700 2700   300 300   128 16 8 31   2 st-2d-sqexp 1.0e-08 1.08e+06 0 0   0 1 1   50 50 50   -1 -1 -1   -1 -1 -1   7.94484 58.5791 133076923148791 7f5acb8e28bc46aa03b062685352cb7621b88f72    "/project/k1205/akbudak/lorapo/testing_dpotrf -P 16 -t 2700 -e 1e-8 -w 0 -u 50 -G 50 -U 50 -j 1080000 -D 2 -F 0 -Z 1 -Y 1 -z 300 -c 31 1080000 " 8847317
R-LO 1080000 1080000 2700 2700   300 300   128 8 16 31   2 st-2d-sqexp 1.0e-08 1.08e+06 0 0   0 1 1   50 50 50   -1 -1 -1   -1 -1 -1   8.60946 55.281 133076923148791 7f5acb8e28bc46aa03b062685352cb7621b88f72    "/project/k1205/akbudak/lorapo/testing_dpotrf -P 8 -t 2700 -e 1e-8 -w 0 -u 50 -G 50 -U 50 -j 1080000 -D 2 -F 0 -Z 1 -Y 1 -z 300 -c 31 1080000 " 8847317
R-LO 1080000 1080000 2700 2700   300 300   128 16 8 31   2 st-2d-sqexp 1.0e-08 1.08e+06 0 0   0 1 1   50 50 50   -1 -1 -1   -1 -1 -1   7.94484 58.5791 133076923148791 7f5acb8e28bc46aa03b062685352cb7621b88f72    "/project/k1205/akbudak/lorapo/testing_dpotrf -P 16 -t 2700 -e 1e-8 -w 0 -u 50 -G 50 -U 50 -j 1080000 -D 2 -F 0 -Z 1 -Y 1 -z 300 -c 31 1080000 " 8847317
R-LO 1080000 1080000 2700 2700   300 300   128 8 16 31   3 st-3d-sqexp 1.0e-08 1.08e+06 0 0   0 1 1   200 200 200   -1 -1 -1   -1 -1 -1   15.814 180.463 3802019562280173 7f5acb8e28bc46aa03b062685352cb7621b88f72    "/project/k1205/akbudak/lorapo/testing_dpotrf -P 8 -t 2700 -e 1e-8 -w 0 -u 200 -G 200 -U 200 -j 1080000 -D 3 -F 0 -Z 1 -Y 1 -z 300 -c 31 1080000 " 8847318
R-LO 1080000 1080000 2700 2700   300 300   128 16 8 31   3 st-3d-sqexp 1.0e-08 1.08e+06 0 0   0 1 1   200 200 200   -1 -1 -1   -1 -1 -1   15.2534 196.488 3802019562280173 7f5acb8e28bc46aa03b062685352cb7621b88f72    "/project/k1205/akbudak/lorapo/testing_dpotrf -P 16 -t 2700 -e 1e-8 -w 0 -u 200 -G 200 -U 200 -j 1080000 -D 3 -F 0 -Z 1 -Y 1 -z 300 -c 31 1080000 " 8847318
R-LO 1080000 1080000 2700 2700   300 300   128 8 16 31   3 st-3d-sqexp 1.0e-08 1.08e+06 0 0   0 1 1   200 200 200   -1 -1 -1   -1 -1 -1   15.814 180.463 3802019562280173 7f5acb8e28bc46aa03b062685352cb7621b88f72    "/project/k1205/akbudak/lorapo/testing_dpotrf -P 8 -t 2700 -e 1e-8 -w 0 -u 200 -G 200 -U 200 -j 1080000 -D 3 -F 0 -Z 1 -Y 1 -z 300 -c 31 1080000 " 8847318
R-LO 1080000 1080000 2700 2700   300 300   128 16 8 31   3 st-3d-sqexp 1.0e-08 1.08e+06 0 0   0 1 1   200 200 200   -1 -1 -1   -1 -1 -1   15.2534 196.488 3802019562280173 7f5acb8e28bc46aa03b062685352cb7621b88f72    "/project/k1205/akbudak/lorapo/testing_dpotrf -P 16 -t 2700 -e 1e-8 -w 0 -u 200 -G 200 -U 200 -j 1080000 -D 3 -F 0 -Z 1 -Y 1 -z 300 -c 31 1080000 " 8847318
R-LO 1080000 1080000 2700 2700   300 300   128 8 16 31   4 st-3d-exp 1.0e-08 1.08e+06 0 0   0 1 1   1200 1200 1200   -1 -1 -1   -1 -1 -1   146.217 1836.65 8127794386586008 7f5acb8e28bc46aa03b062685352cb7621b88f72    "/project/k1205/akbudak/lorapo/testing_dpotrf -P 8 -t 2700 -e 1e-8 -w 0 -u 1200 -G 1200 -U 1200 -j 1080000 -D 4 -F 0 -Z 1 -Y 1 -z 300 -c 31 1080000 " 8847319
R-LO 1080000 1080000 2700 2700   300 300   128 16 8 31   4 st-3d-exp 1.0e-08 1.08e+06 0 0   0 1 1   1200 1200 1200   -1 -1 -1   -1 -1 -1   145.242 1844.14 8127794386586008 7f5acb8e28bc46aa03b062685352cb7621b88f72    "/project/k1205/akbudak/lorapo/testing_dpotrf -P 16 -t 2700 -e 1e-8 -w 0 -u 1200 -G 1200 -U 1200 -j 1080000 -D 4 -F 0 -Z 1 -Y 1 -z 300 -c 31 1080000 " 8847319
R-LO 1080000 1080000 2700 2700   300 300   128 8 16 31   4 st-3d-exp 1.0e-08 1.08e+06 0 0   0 1 1   1200 1200 1200   -1 -1 -1   -1 -1 -1   146.217 1836.65 8127794386586008 7f5acb8e28bc46aa03b062685352cb7621b88f72    "/project/k1205/akbudak/lorapo/testing_dpotrf -P 8 -t 2700 -e 1e-8 -w 0 -u 1200 -G 1200 -U 1200 -j 1080000 -D 4 -F 0 -Z 1 -Y 1 -z 300 -c 31 1080000 " 8847319
R-LO 1080000 1080000 2700 2700   300 300   128 16 8 31   4 st-3d-exp 1.0e-08 1.08e+06 0 0   0 1 1   1200 1200 1200   -1 -1 -1   -1 -1 -1   145.242 1844.14 8127794386586008 7f5acb8e28bc46aa03b062685352cb7621b88f72    "/project/k1205/akbudak/lorapo/testing_dpotrf -P 16 -t 2700 -e 1e-8 -w 0 -u 1200 -G 1200 -U 1200 -j 1080000 -D 4 -F 0 -Z 1 -Y 1 -z 300 -c 31 1080000 " 8847319
R-LO 2160000 2160000 2700 2700   300 300   128 8 16 31   1 ed-2d-sin 1.0e-08 2.16e+06 0 50   0 1 1   50 50 50   -1 -1 -1   -1 -1 -1   36.4672 191.681 3156334329974100 7f5acb8e28bc46aa03b062685352cb7621b88f72    "/project/k1205/akbudak/lorapo/testing_dpotrf -P 8 -t 2700 -e 1e-8 -w 50 -u 50 -G 50 -U 50 -j 2160000 -D 1 -F 0 -Z 1 -Y 1 -z 300 -c 31 2160000 " 8862586
R-LO 2160000 2160000 2700 2700   300 300   128 16 8 31   1 ed-2d-sin 1.0e-08 2.16e+06 0 50   0 1 1   50 50 50   -1 -1 -1   -1 -1 -1   36.1893 262.172 3156334329974100 7f5acb8e28bc46aa03b062685352cb7621b88f72    "/project/k1205/akbudak/lorapo/testing_dpotrf -P 16 -t 2700 -e 1e-8 -w 50 -u 50 -G 50 -U 50 -j 2160000 -D 1 -F 0 -Z 1 -Y 1 -z 300 -c 31 2160000 " 8862586
R-LO 2160000 2160000 2700 2700   300 300   128 8 16 31   1 ed-2d-sin 1.0e-08 2.16e+06 0 100   0 1 1   100 100 100   -1 -1 -1   -1 -1 -1   41.8509 304.078 5754300567693735 7f5acb8e28bc46aa03b062685352cb7621b88f72    "/project/k1205/akbudak/lorapo/testing_dpotrf -P 8 -t 2700 -e 1e-8 -w 100 -u 100 -G 100 -U 100 -j 2160000 -D 1 -F 0 -Z 1 -Y 1 -z 300 -c 31 2160000 " 8862587
R-LO 2160000 2160000 2700 2700   300 300   128 16 8 31   1 ed-2d-sin 1.0e-08 2.16e+06 0 100   0 1 1   100 100 100   -1 -1 -1   -1 -1 -1   42.0873 309.765 5754300567693735 7f5acb8e28bc46aa03b062685352cb7621b88f72    "/project/k1205/akbudak/lorapo/testing_dpotrf -P 16 -t 2700 -e 1e-8 -w 100 -u 100 -G 100 -U 100 -j 2160000 -D 1 -F 0 -Z 1 -Y 1 -z 300 -c 31 2160000 " 8862587
R-LO 2160000 2160000 2700 2700   300 300   128 8 16 31   2 st-2d-sqexp 1.0e-08 2.16e+06 0 0   0 1 1   50 50 50   -1 -1 -1   -1 -1 -1   30.0726 170.842 656659333923947 7f5acb8e28bc46aa03b062685352cb7621b88f72    "/project/k1205/akbudak/lorapo/testing_dpotrf -P 8 -t 2700 -e 1e-8 -w 0 -u 50 -G 50 -U 50 -j 2160000 -D 2 -F 0 -Z 1 -Y 1 -z 300 -c 31 2160000 " 8862588
R-LO 2160000 2160000 2700 2700   300 300   128 16 8 31   2 st-2d-sqexp 1.0e-08 2.16e+06 0 0   0 1 1   50 50 50   -1 -1 -1   -1 -1 -1   29.7867 139.837 656659333923947 7f5acb8e28bc46aa03b062685352cb7621b88f72    "/project/k1205/akbudak/lorapo/testing_dpotrf -P 16 -t 2700 -e 1e-8 -w 0 -u 50 -G 50 -U 50 -j 2160000 -D 2 -F 0 -Z 1 -Y 1 -z 300 -c 31 2160000 " 8862588
R-LO 2160000 2160000 2700 2700   300 300   128 8 16 31   3 st-3d-sqexp 1.0e-08 2.16e+06 0 0   0 1 1   200 200 200   -1 -1 -1   -1 -1 -1   56.1646 541.14 15124146541343553 7f5acb8e28bc46aa03b062685352cb7621b88f72    "/project/k1205/akbudak/lorapo/testing_dpotrf -P 8 -t 2700 -e 1e-8 -w 0 -u 200 -G 200 -U 200 -j 2160000 -D 3 -F 0 -Z 1 -Y 1 -z 300 -c 31 2160000 " 8862589
R-LO 2160000 2160000 2700 2700   300 300   128 16 8 31   3 st-3d-sqexp 1.0e-08 2.16e+06 0 0   0 1 1   200 200 200   -1 -1 -1   -1 -1 -1   56.1448 567.521 15124146541343553 7f5acb8e28bc46aa03b062685352cb7621b88f72    "/project/k1205/akbudak/lorapo/testing_dpotrf -P 16 -t 2700 -e 1e-8 -w 0 -u 200 -G 200 -U 200 -j 2160000 -D 3 -F 0 -Z 1 -Y 1 -z 300 -c 31 2160000 " 8862589
R-LO 3240000 3240000 5400 5400   300 300   128 8 16 31   1 ed-2d-sin 1.0e-08 3.24e+06 0 50   0 1 1   50 50 50   -1 -1 -1   -1 -1 -1   78.6926 292.117 3473053101184936 7f5acb8e28bc46aa03b062685352cb7621b88f72    "/project/k1205/akbudak/lorapo/testing_dpotrf -P 8 -t 5400 -e 1e-8 -w 50 -u 50 -G 50 -U 50 -j 3240000 -D 1 -F 0 -Z 1 -Y 1 -z 300 -c 31 3240000 " 8862591
R-LO 3240000 3240000 5400 5400   300 300   128 16 8 31   1 ed-2d-sin 1.0e-08 3.24e+06 0 50   0 1 1   50 50 50   -1 -1 -1   -1 -1 -1   78.8121 375.56 3473053101184936 7f5acb8e28bc46aa03b062685352cb7621b88f72    "/project/k1205/akbudak/lorapo/testing_dpotrf -P 16 -t 5400 -e 1e-8 -w 50 -u 50 -G 50 -U 50 -j 3240000 -D 1 -F 0 -Z 1 -Y 1 -z 300 -c 31 3240000 " 8862591
R-LO 3240000 3240000 5400 5400   300 300   128 8 16 31   1 ed-2d-sin 1.0e-08 3.24e+06 0 100   0 1 1   100 100 100   -1 -1 -1   -1 -1 -1   90.2395 398.084 6340384800038137 7f5acb8e28bc46aa03b062685352cb7621b88f72    "/project/k1205/akbudak/lorapo/testing_dpotrf -P 8 -t 5400 -e 1e-8 -w 100 -u 100 -G 100 -U 100 -j 3240000 -D 1 -F 0 -Z 1 -Y 1 -z 300 -c 31 3240000 " 8862592
R-LO 3240000 3240000 5400 5400   300 300   128 16 8 31   1 ed-2d-sin 1.0e-08 3.24e+06 0 100   0 1 1   100 100 100   -1 -1 -1   -1 -1 -1   90.1302 443.503 6340384800038137 7f5acb8e28bc46aa03b062685352cb7621b88f72    "/project/k1205/akbudak/lorapo/testing_dpotrf -P 16 -t 5400 -e 1e-8 -w 100 -u 100 -G 100 -U 100 -j 3240000 -D 1 -F 0 -Z 1 -Y 1 -z 300 -c 31 3240000 " 8862592
R-LO 3240000 3240000 5400 5400   300 300   128 8 16 31   2 st-2d-sqexp 1.0e-08 3.24e+06 0 0   0 1 1   50 50 50   -1 -1 -1   -1 -1 -1   64.5348 235.878 788453134359382 7f5acb8e28bc46aa03b062685352cb7621b88f72    "/project/k1205/akbudak/lorapo/testing_dpotrf -P 8 -t 5400 -e 1e-8 -w 0 -u 50 -G 50 -U 50 -j 3240000 -D 2 -F 0 -Z 1 -Y 1 -z 300 -c 31 3240000 " 8862593
R-LO 3240000 3240000 5400 5400   300 300   128 16 8 31   2 st-2d-sqexp 1.0e-08 3.24e+06 0 0   0 1 1   50 50 50   -1 -1 -1   -1 -1 -1   64.6899 300.858 788453134359382 7f5acb8e28bc46aa03b062685352cb7621b88f72    "/project/k1205/akbudak/lorapo/testing_dpotrf -P 16 -t 5400 -e 1e-8 -w 0 -u 50 -G 50 -U 50 -j 3240000 -D 2 -F 0 -Z 1 -Y 1 -z 300 -c 31 3240000 " 8862593
R-LO 3240000 3240000 5400 5400   300 300   128 8 16 31   3 st-3d-sqexp 1.0e-08 3.24e+06 0 0   0 1 1   200 200 200   -1 -1 -1   -1 -1 -1   113.979 1073.31 19292268089133853 7f5acb8e28bc46aa03b062685352cb7621b88f72    "/project/k1205/akbudak/lorapo/testing_dpotrf -P 8 -t 5400 -e 1e-8 -w 0 -u 200 -G 200 -U 200 -j 3240000 -D 3 -F 0 -Z 1 -Y 1 -z 300 -c 31 3240000 " 8862594
R-LO 3240000 3240000 5400 5400   300 300   128 16 8 31   3 st-3d-sqexp 1.0e-08 3.24e+06 0 0   0 1 1   200 200 200   -1 -1 -1   -1 -1 -1   113.782 1076.82 19292268089133853 7f5acb8e28bc46aa03b062685352cb7621b88f72    "/project/k1205/akbudak/lorapo/testing_dpotrf -P 16 -t 5400 -e 1e-8 -w 0 -u 200 -G 200 -U 200 -j 3240000 -D 3 -F 0 -Z 1 -Y 1 -z 300 -c 31 3240000 " 8862594
R-LO 1080000 1080000 2400 2400 300 300 128 16 8 31 4 st-3d-exp 1.0e-08 1.08e+06 0 0 0 1 1 1200 1200 1200 57.7967 2 1053   -1 -1 -1  169.076 1579.57 8343265603204214 7723a06a619b00e1c56830cd9bd1f5eaa7a7802e "/lustre/project/k1205/lei/lorapo/testing_dpotrf -P 16 -Q 8 -N 1080000 -t 2400 -e 1e-8 --maxrank 1200 -j 1080000 -v -c 31 --genmaxrank 1200 --compmaxrank 1200 -D 4 --band 1 -F 0 -Y 1 -z 300 " 8837040
R-LO 1080000 1080000 2700 2700 300 300 128 16 8 31 4 st-3d-exp 1.0e-08 1.08e+06 0 0 0 1 1 1350 1350 1350 64.0013 2 1128   -1 -1 -1  194.209 1815.69 8127777725554203 7723a06a619b00e1c56830cd9bd1f5eaa7a7802e "/lustre/project/k1205/lei/lorapo/testing_dpotrf -P 16 -Q 8 -N 1080000 -t 2700 -e 1e-8 --maxrank 1350 -j 1080000 -v -c 31 --genmaxrank 1350 --compmaxrank 1350 -D 4 --band 1 -F 0 -Y 1 -z 300 " 8837040
R-LO 2160000 2160000 2400 2400 300 300 128 16 8 31 4 st-3d-exp 1.0e-08 2.16e+06 0 0 0 1 1 1200 1200 1200 42.1235 2 1034   -1 -1 -1  647.229 3539.97 33358488370340762 7723a06a619b00e1c56830cd9bd1f5eaa7a7802e "/lustre/project/k1205/lei/lorapo/testing_dpotrf -P 16 -Q 8 -N 2160000 -t 2400 -e 1e-8 --maxrank 1200 -j 2160000 -v -c 31 --genmaxrank 1200 --compmaxrank 1200 -D 4 --band 1 -F 0 -Y 1 -z 300 " 8837040
R-LO 2160000 2160000 2700 2700 300 300 128 16 8 31 4 st-3d-exp 1.0e-08 2.16e+06 0 0 0 1 1 1350 1350 1350 45.9782 2 1115   -1 -1 -1  745.904 3821.22 31431977182969703 7723a06a619b00e1c56830cd9bd1f5eaa7a7802e "/lustre/project/k1205/lei/lorapo/testing_dpotrf -P 16 -Q 8 -N 2160000 -t 2700 -e 1e-8 --maxrank 1350 -j 2160000 -v -c 31 --genmaxrank 1350 --compmaxrank 1350 -D 4 --band 1 -F 0 -Y 1 -z 300 " 8837040
R-LO 3240000 3240000 5400 5400 300 300 128 16 8 31 4 st-3d-exp 1.0e-08 3.24e+06 0 0 0 1 1 1900 1900 1900 63.9064 3 1726   -1 -1 -1  1492.8 16909 56050963083296160 7723a06a619b00e1c56830cd9bd1f5eaa7a7802e "/lustre/project/k1205/lei/lorapo/testing_dpotrf -P 16 -Q 8 -N 3240000 -t 5400 -e 1e-8 --maxrank 1900 -j 3240000 -v -c 31 --genmaxrank 1900 --compmaxrank 1900 -D 4 --band 1 -F 0 -Y 1 -z 300 " 8837040
