R-LO 1080000 1080000 2700 2700   300 300   64 8 8 31   1 ed-2d-sin 1.0e-08 1.08e+06 0 50   0 1 1   50 50 50   -1 -1 -1   -1 -1 -1   18.0222 78.78 622413815325639 7f5acb8e28bc46aa03b062685352cb7621b88f72    "/project/k1205/akbudak/lorapo/testing_dpotrf -P 8 -t 2700 -e 1e-8 -w 50 -u 50 -G 50 -U 50 -j 1080000 -D 1 -F 0 -Z 1 -Y 1 -z 300 -c 31 1080000 " 8845766
R-LO 1080000 1080000 2700 2700   300 300   64 8 8 31   1 ed-2d-sin 1.0e-08 1.08e+06 0 100   0 1 1   100 100 100   -1 -1 -1   -1 -1 -1   21.0217 120.546 1197286578548468 7f5acb8e28bc46aa03b062685352cb7621b88f72    "/project/k1205/akbudak/lorapo/testing_dpotrf -P 8 -t 2700 -e 1e-8 -w 100 -u 100 -G 100 -U 100 -j 1080000 -D 1 -F 0 -Z 1 -Y 1 -z 300 -c 31 1080000 " 8845767
R-LO 1080000 1080000 2700 2700   300 300   64 8 8 31   2 st-2d-sqexp 1.0e-08 1.08e+06 0 0   0 1 1   50 50 50   -1 -1 -1   -1 -1 -1   14.8623 50.6206 133076923148791 7f5acb8e28bc46aa03b062685352cb7621b88f72    "/project/k1205/akbudak/lorapo/testing_dpotrf -P 8 -t 2700 -e 1e-8 -w 0 -u 50 -G 50 -U 50 -j 1080000 -D 2 -F 0 -Z 1 -Y 1 -z 300 -c 31 1080000 " 8845768
R-LO 1080000 1080000 2700 2700   300 300   64 8 8 31   3 st-3d-sqexp 1.0e-08 1.08e+06 0 0   0 1 1   200 200 200   -1 -1 -1   -1 -1 -1   28.2013 256.223 3802019562280173 7f5acb8e28bc46aa03b062685352cb7621b88f72    "/project/k1205/akbudak/lorapo/testing_dpotrf -P 8 -t 2700 -e 1e-8 -w 0 -u 200 -G 200 -U 200 -j 1080000 -D 3 -F 0 -Z 1 -Y 1 -z 300 -c 31 1080000 " 8845769
R-LO 1080000 1080000 2700 2700   300 300   64 8 8 31   4 st-3d-exp 1.0e-08 1.08e+06 0 0   0 1 1   1200 1200 1200   -1 -1 -1   -1 -1 -1   281.041 1919.96 8127794386586008 7f5acb8e28bc46aa03b062685352cb7621b88f72    "/project/k1205/akbudak/lorapo/testing_dpotrf -P 8 -t 2700 -e 1e-8 -w 0 -u 1200 -G 1200 -U 1200 -j 1080000 -D 4 -F 0 -Z 1 -Y 1 -z 300 -c 31 1080000 " 8845770
R-LO 2295000 2295000 3375 3375   300 300   64 8 8 31   1 ed-2d-sin 1.0e-08 2.295e+06 0 50   0 1 1   50 50 50   -1 -1 -1   -1 -1 -1   78.9863 298.045 2748739239652637 7f5acb8e28bc46aa03b062685352cb7621b88f72    "/project/k1205/akbudak/lorapo/testing_dpotrf -P 8 -t 3375 -e 1e-8 -w 50 -u 50 -G 50 -U 50 -j 2295000 -D 1 -F 0 -Z 1 -Y 1 -z 300 -c 31 2295000 " 8845771
R-LO 2295000 2295000 3375 3375   300 300   64 8 8 31   1 ed-2d-sin 1.0e-08 2.295e+06 0 100   0 1 1   100 100 100   -1 -1 -1   -1 -1 -1   91.8469 411.263 5047671031750601 7f5acb8e28bc46aa03b062685352cb7621b88f72    "/project/k1205/akbudak/lorapo/testing_dpotrf -P 8 -t 3375 -e 1e-8 -w 100 -u 100 -G 100 -U 100 -j 2295000 -D 1 -F 0 -Z 1 -Y 1 -z 300 -c 31 2295000 " 8845772
R-LO 2295000 2295000 3375 3375   300 300   64 8 8 31   2 st-2d-sqexp 1.0e-08 2.295e+06 0 0   0 1 1   50 50 50   -1 -1 -1   -1 -1 -1   64.65 155.179 589980768946755 7f5acb8e28bc46aa03b062685352cb7621b88f72    "/project/k1205/akbudak/lorapo/testing_dpotrf -P 8 -t 3375 -e 1e-8 -w 0 -u 50 -G 50 -U 50 -j 2295000 -D 2 -F 0 -Z 1 -Y 1 -z 300 -c 31 2295000 " 8845773
R-LO 2295000 2295000 3375 3375   300 300   64 8 8 31   3 st-3d-sqexp 1.0e-08 2.295e+06 0 0   0 1 1   200 200 200   -1 -1 -1   -1 -1 -1   120.175 1021.58 14157834614233749 7f5acb8e28bc46aa03b062685352cb7621b88f72    "/project/k1205/akbudak/lorapo/testing_dpotrf -P 8 -t 3375 -e 1e-8 -w 0 -u 200 -G 200 -U 200 -j 2295000 -D 3 -F 0 -Z 1 -Y 1 -z 300 -c 31 2295000 " 8845774
R-LO 3510000 3510000 4500 4500   300 300   64 8 8 31   1 ed-2d-sin 1.0e-08 3.51e+06 0 50   0 1 1   50 50 50   -1 -1 -1   -1 -1 -1   186.107 564.824 5267547405842107 7f5acb8e28bc46aa03b062685352cb7621b88f72    "/project/k1205/akbudak/lorapo/testing_dpotrf -P 8 -t 4500 -e 1e-8 -w 50 -u 50 -G 50 -U 50 -j 3510000 -D 1 -F 0 -Z 1 -Y 1 -z 300 -c 31 3510000 " 8845776
R-LO 3510000 3510000 4500 4500   300 300   64 8 8 31   1 ed-2d-sin 1.0e-08 3.51e+06 0 100   0 1 1   100 100 100   -1 -1 -1   -1 -1 -1   213.595 864.793 9511037619307489 7f5acb8e28bc46aa03b062685352cb7621b88f72    "/project/k1205/akbudak/lorapo/testing_dpotrf -P 8 -t 4500 -e 1e-8 -w 100 -u 100 -G 100 -U 100 -j 3510000 -D 1 -F 0 -Z 1 -Y 1 -z 300 -c 31 3510000 " 8845777
R-LO 3510000 3510000 4500 4500   300 300   64 8 8 31   2 st-2d-sqexp 1.0e-08 3.51e+06 0 0   0 1 1   50 50 50   -1 -1 -1   -1 -1 -1   150.645 327.428 1159287540630234 7f5acb8e28bc46aa03b062685352cb7621b88f72    "/project/k1205/akbudak/lorapo/testing_dpotrf -P 8 -t 4500 -e 1e-8 -w 0 -u 50 -G 50 -U 50 -j 3510000 -D 2 -F 0 -Z 1 -Y 1 -z 300 -c 31 3510000 " 8845778
R-LO 3510000 3510000 4500 4500   300 300   64 8 8 31   3 st-3d-sqexp 1.0e-08 3.51e+06 0 0   0 1 1   200 200 200   -1 -1 -1   -1 -1 -1   268.771 2168.43 26463718052523533 7f5acb8e28bc46aa03b062685352cb7621b88f72    "/project/k1205/akbudak/lorapo/testing_dpotrf -P 8 -t 4500 -e 1e-8 -w 0 -u 200 -G 200 -U 200 -j 3510000 -D 3 -F 0 -Z 1 -Y 1 -z 300 -c 31 3510000 " 8845779
