1080000 113.742 2700 
1080000 155.329 3375 0
2160000 416.157 2700 0
2160000 385.685 3375 0
2160000 395.327 3600 0
4320000 1673.81 3375 0
4320000 1578.26 3600 0
4320000 1431.82 4500 0
4320000 1544.03 5400 0
1080000  2700 
1080000  3375 
1080000  3600 
1080000  4500 
1080000  5400 
1080000  7200 
1080000  9000 
1080000  10800 
2160000  2700 
2160000  3375 
2160000  3600 
2160000  4500 
2160000  5400 
2160000  7200 
2160000  9000 
2160000  10800 
4320000  3375 
4320000  3600 
4320000  4500 
4320000  5400 
4320000  7200 
4320000  9000 
4320000  10800 
