1080000 114.948 1200 
1080000 83.3436 1500 0
1080000 98.0098 1800 0
2160000 421.579 1500 0
2160000 291.036 1800 0
2160000 228.047 2400 0
2160000 257 2700 0
4320000 1017.96 2400 0
4320000 709.784 2700 0
4320000 811.048 3375 0
6480000  2700 0
6480000 1425.27 3375 0
6480000 1353.79 3600 0
6480000 1765.24 4500 0
8640000 2650.02 3600 0
8640000 2675.37 3600 
8640000 2398.93 4500 0
8640000  3600 
8640000 2475.05 4500 
8640000 3243.26 5400 0
10800000  4500 0
10800000  5400 0
10800000 9277.94 7200 0
10800000 13109.6 9000 0
