1080000 272.456 3000 
1080000 279.114 3375 0
2160000 958.6 3000 0
2160000 899.053 3375 0
2160000 924.949 3600 0
3240000 2059.46 3375 0
3240000 2038.39 3600 0
3240000 1886.77 4500 0
3240000 1855.76 5000 0
3240000 1835.97 5400 0
3240000 1969.57 6000 0
4320000 3274.04 5400 0
4320000 3234.48 6000 0
4320000 3023.25 7200 0
4320000 2932.41 9000 0
4320000 2958.96 10000 0
5400000 4219.3 9000 0
5400000 4171.05 10000 0
5400000 5174.68 10800 0
6480000 5800.54 10000 0
6480000 6983.1 10800 0
7560000 9142.76 12000 0
7560000  15000 0
