1080000 187.517 1800 
1080000 172.029 2400 0
1080000 182.764 2700 0
3240000 1008.74 2400 0
3240000 909.831 2700 0
3240000 839.501 3000 0
3240000 733.446 3375 0
3240000 795.526 3600 0
5400000 2065.67 3375 0
5400000 2007.55 3600 0
5400000 1766.09 4500 0
5400000 1790.93 5000 0
7560000 3543.03 4500 0
7560000  5000 0
7560000 3385.78 5400 0
7560000 4024.06 6000 0
9720000 5631.04 5400 0
9720000  6000 0
9720000  7200 0
9720000  9000 0
9720000 7275.91 10000 0
11880000  7200 0
11880000  9000 0
11880000 9509.15 10000 0
11880000  10800 0
11880000 14843.5 12000 0
